setting pc to 0x20000000
accessing ram at 0x20000000, internal 0
executed Addi { rd: 10, rs1: 0, i_imm: 0 }
accessing ram at 0x20000002, internal 2
executed Addi { rd: 11, rs1: 0, i_imm: 0 }
accessing ram at 0x20000004, internal 4
executed Add { rd: 11, rs1: 11, rs2: 10 }
accessing ram at 0x20000006, internal 6
executed Addi { rd: 12, rs1: 0, i_imm: 1 }
accessing ram at 0x20000008, internal 8
executed Add { rd: 11, rs1: 11, rs2: 12 }
accessing ram at 0x2000000a, internal 10
executed Addi { rd: 12, rs1: 0, i_imm: 2 }
accessing ram at 0x2000000c, internal 12
executed Add { rd: 11, rs1: 11, rs2: 12 }
accessing ram at 0x2000000e, internal 14
executed Addi { rd: 12, rs1: 0, i_imm: 3 }
accessing ram at 0x20000010, internal 16
executed Add { rd: 11, rs1: 11, rs2: 12 }
accessing ram at 0x20000012, internal 18
executed Addi { rd: 12, rs1: 0, i_imm: 4 }
accessing ram at 0x20000014, internal 20
executed Add { rd: 11, rs1: 11, rs2: 12 }
accessing ram at 0x20000016, internal 22
executed Addi { rd: 12, rs1: 0, i_imm: 5 }
accessing ram at 0x20000018, internal 24
executed Add { rd: 11, rs1: 11, rs2: 12 }
accessing ram at 0x2000001a, internal 26
executed Addi { rd: 12, rs1: 0, i_imm: 6 }
accessing ram at 0x2000001c, internal 28
executed Add { rd: 11, rs1: 11, rs2: 12 }
accessing ram at 0x2000001e, internal 30
executed Addi { rd: 12, rs1: 0, i_imm: 7 }
accessing ram at 0x20000020, internal 32
executed Add { rd: 11, rs1: 11, rs2: 12 }
accessing ram at 0x20000022, internal 34
executed Addi { rd: 12, rs1: 0, i_imm: 8 }
accessing ram at 0x20000024, internal 36
executed Add { rd: 11, rs1: 11, rs2: 12 }
accessing ram at 0x20000026, internal 38
executed Addi { rd: 12, rs1: 0, i_imm: 9 }
accessing ram at 0x20000028, internal 40
executed Add { rd: 11, rs1: 11, rs2: 12 }
accessing ram at 0x2000002a, internal 42
executed Jalr { rd: 0, rs1: 1, i_imm: 0 }
execution halted due to: (IllegalFetch, None)
ExecutionTrace: 
cycle|   pc|   x0|   x1|   x2|   x3|   x4|   x5|   x6|   x7|   x8|   x9|  x10|  x11|  x12|  x13|  x14|  x15|  x16|  x17|  x18|  x19|  x20|  x21|  x22|  x23|  x24|  x25|  x26|  x27|  x28|  x29|  x30|  x31
00000|20000000|00000|00000|00000|00000|00000|00000|00000|00000|00000|00000|00000|00000|00000|00000|00000|00000|00000|00000|00000|00000|00000|00000|00000|00000|00000|00000|00000|00000|00000|00000|00000|00000|00000|00000|00000|00000|00000|00000|00000|00000|00000|00000|00000|00000|00000|00000|00000|00000|00000|00000|00000|00000|00000|00000|00000|00000|00000|00000|00000|00000|00000|00000
00001|20000002|00000|00000|00000|00000|00000|00000|00000|00000|00000|00000|00000|00000|00000|00000|00000|00000|00000|00000|00000|00000|00000|00000|00000|00000|00000|00000|00000|00000|00000|00000|00000|00000|00000|00000|00000|00000|00000|00000|00000|00000|00000|00000|00000|00000|00000|00000|00000|00000|00000|00000|00000|00000|00000|00000|00000|00000|00000|00000|00000|00000|00000|00000
00002|20000004|00000|00000|00000|00000|00000|00000|00000|00000|00000|00000|00000|00000|00000|00000|00000|00000|00000|00000|00000|00000|00000|00000|00000|00000|00000|00000|00000|00000|00000|00000|00000|00000|00000|00000|00000|00000|00000|00000|00000|00000|00000|00000|00000|00000|00000|00000|00000|00000|00000|00000|00000|00000|00000|00000|00000|00000|00000|00000|00000|00000|00000|00000
00003|20000006|00000|00000|00000|00000|00000|00000|00000|00000|00000|00000|00000|00000|00000|00000|00000|00000|00000|00000|00000|00000|00000|00000|00000|00000|00000|00000|00000|00000|00000|00000|00000|00000|00000|00000|00000|00000|00000|00000|00000|00000|00000|00000|00000|00000|00000|00000|00000|00000|00000|00000|00000|00000|00000|00000|00000|00000|00000|00000|00000|00000|00000|00000
00004|20000008|00000|00000|00000|00000|00000|00000|00000|00000|00000|00000|00000|00000|00001|00000|00000|00000|00000|00000|00000|00000|00000|00000|00000|00000|00000|00000|00000|00000|00000|00000|00000|00000|00000|00000|00000|00000|00000|00000|00000|00000|00000|00000|00000|00000|00000|00000|00000|00000|00000|00000|00000|00000|00000|00000|00000|00000|00000|00000|00000|00000|00000|00000
00005|2000000a|00000|00000|00000|00000|00000|00000|00000|00000|00000|00000|00000|00001|00001|00000|00000|00000|00000|00000|00000|00000|00000|00000|00000|00000|00000|00000|00000|00000|00000|00000|00000|00000|00000|00000|00000|00000|00000|00000|00000|00000|00000|00000|00000|00000|00000|00000|00000|00000|00000|00000|00000|00000|00000|00000|00000|00000|00000|00000|00000|00000|00000|00000
00006|2000000c|00000|00000|00000|00000|00000|00000|00000|00000|00000|00000|00000|00001|00002|00000|00000|00000|00000|00000|00000|00000|00000|00000|00000|00000|00000|00000|00000|00000|00000|00000|00000|00000|00000|00000|00000|00000|00000|00000|00000|00000|00000|00000|00000|00000|00000|00000|00000|00000|00000|00000|00000|00000|00000|00000|00000|00000|00000|00000|00000|00000|00000|00000
00007|2000000e|00000|00000|00000|00000|00000|00000|00000|00000|00000|00000|00000|00003|00002|00000|00000|00000|00000|00000|00000|00000|00000|00000|00000|00000|00000|00000|00000|00000|00000|00000|00000|00000|00000|00000|00000|00000|00000|00000|00000|00000|00000|00000|00000|00000|00000|00000|00000|00000|00000|00000|00000|00000|00000|00000|00000|00000|00000|00000|00000|00000|00000|00000
00008|20000010|00000|00000|00000|00000|00000|00000|00000|00000|00000|00000|00000|00003|00003|00000|00000|00000|00000|00000|00000|00000|00000|00000|00000|00000|00000|00000|00000|00000|00000|00000|00000|00000|00000|00000|00000|00000|00000|00000|00000|00000|00000|00000|00000|00000|00000|00000|00000|00000|00000|00000|00000|00000|00000|00000|00000|00000|00000|00000|00000|00000|00000|00000
00009|20000012|00000|00000|00000|00000|00000|00000|00000|00000|00000|00000|00000|00006|00003|00000|00000|00000|00000|00000|00000|00000|00000|00000|00000|00000|00000|00000|00000|00000|00000|00000|00000|00000|00000|00000|00000|00000|00000|00000|00000|00000|00000|00000|00000|00000|00000|00000|00000|00000|00000|00000|00000|00000|00000|00000|00000|00000|00000|00000|00000|00000|00000|00000
0000a|20000014|00000|00000|00000|00000|00000|00000|00000|00000|00000|00000|00000|00006|00004|00000|00000|00000|00000|00000|00000|00000|00000|00000|00000|00000|00000|00000|00000|00000|00000|00000|00000|00000|00000|00000|00000|00000|00000|00000|00000|00000|00000|00000|00000|00000|00000|00000|00000|00000|00000|00000|00000|00000|00000|00000|00000|00000|00000|00000|00000|00000|00000|00000
0000b|20000016|00000|00000|00000|00000|00000|00000|00000|00000|00000|00000|00000|0000a|00004|00000|00000|00000|00000|00000|00000|00000|00000|00000|00000|00000|00000|00000|00000|00000|00000|00000|00000|00000|00000|00000|00000|00000|00000|00000|00000|00000|00000|00000|00000|00000|00000|00000|00000|00000|00000|00000|00000|00000|00000|00000|00000|00000|00000|00000|00000|00000|00000|00000
0000c|20000018|00000|00000|00000|00000|00000|00000|00000|00000|00000|00000|00000|0000a|00005|00000|00000|00000|00000|00000|00000|00000|00000|00000|00000|00000|00000|00000|00000|00000|00000|00000|00000|00000|00000|00000|00000|00000|00000|00000|00000|00000|00000|00000|00000|00000|00000|00000|00000|00000|00000|00000|00000|00000|00000|00000|00000|00000|00000|00000|00000|00000|00000|00000
0000d|2000001a|00000|00000|00000|00000|00000|00000|00000|00000|00000|00000|00000|0000f|00005|00000|00000|00000|00000|00000|00000|00000|00000|00000|00000|00000|00000|00000|00000|00000|00000|00000|00000|00000|00000|00000|00000|00000|00000|00000|00000|00000|00000|00000|00000|00000|00000|00000|00000|00000|00000|00000|00000|00000|00000|00000|00000|00000|00000|00000|00000|00000|00000|00000
0000e|2000001c|00000|00000|00000|00000|00000|00000|00000|00000|00000|00000|00000|0000f|00006|00000|00000|00000|00000|00000|00000|00000|00000|00000|00000|00000|00000|00000|00000|00000|00000|00000|00000|00000|00000|00000|00000|00000|00000|00000|00000|00000|00000|00000|00000|00000|00000|00000|00000|00000|00000|00000|00000|00000|00000|00000|00000|00000|00000|00000|00000|00000|00000|00000
0000f|2000001e|00000|00000|00000|00000|00000|00000|00000|00000|00000|00000|00000|00015|00006|00000|00000|00000|00000|00000|00000|00000|00000|00000|00000|00000|00000|00000|00000|00000|00000|00000|00000|00000|00000|00000|00000|00000|00000|00000|00000|00000|00000|00000|00000|00000|00000|00000|00000|00000|00000|00000|00000|00000|00000|00000|00000|00000|00000|00000|00000|00000|00000|00000
00010|20000020|00000|00000|00000|00000|00000|00000|00000|00000|00000|00000|00000|00015|00007|00000|00000|00000|00000|00000|00000|00000|00000|00000|00000|00000|00000|00000|00000|00000|00000|00000|00000|00000|00000|00000|00000|00000|00000|00000|00000|00000|00000|00000|00000|00000|00000|00000|00000|00000|00000|00000|00000|00000|00000|00000|00000|00000|00000|00000|00000|00000|00000|00000
00011|20000022|00000|00000|00000|00000|00000|00000|00000|00000|00000|00000|00000|0001c|00007|00000|00000|00000|00000|00000|00000|00000|00000|00000|00000|00000|00000|00000|00000|00000|00000|00000|00000|00000|00000|00000|00000|00000|00000|00000|00000|00000|00000|00000|00000|00000|00000|00000|00000|00000|00000|00000|00000|00000|00000|00000|00000|00000|00000|00000|00000|00000|00000|00000
00012|20000024|00000|00000|00000|00000|00000|00000|00000|00000|00000|00000|00000|0001c|00008|00000|00000|00000|00000|00000|00000|00000|00000|00000|00000|00000|00000|00000|00000|00000|00000|00000|00000|00000|00000|00000|00000|00000|00000|00000|00000|00000|00000|00000|00000|00000|00000|00000|00000|00000|00000|00000|00000|00000|00000|00000|00000|00000|00000|00000|00000|00000|00000|00000
00013|20000026|00000|00000|00000|00000|00000|00000|00000|00000|00000|00000|00000|00024|00008|00000|00000|00000|00000|00000|00000|00000|00000|00000|00000|00000|00000|00000|00000|00000|00000|00000|00000|00000|00000|00000|00000|00000|00000|00000|00000|00000|00000|00000|00000|00000|00000|00000|00000|00000|00000|00000|00000|00000|00000|00000|00000|00000|00000|00000|00000|00000|00000|00000
00014|20000028|00000|00000|00000|00000|00000|00000|00000|00000|00000|00000|00000|00024|00009|00000|00000|00000|00000|00000|00000|00000|00000|00000|00000|00000|00000|00000|00000|00000|00000|00000|00000|00000|00000|00000|00000|00000|00000|00000|00000|00000|00000|00000|00000|00000|00000|00000|00000|00000|00000|00000|00000|00000|00000|00000|00000|00000|00000|00000|00000|00000|00000|00000
00015|2000002a|00000|00000|00000|00000|00000|00000|00000|00000|00000|00000|00000|0002d|00009|00000|00000|00000|00000|00000|00000|00000|00000|00000|00000|00000|00000|00000|00000|00000|00000|00000|00000|00000|00000|00000|00000|00000|00000|00000|00000|00000|00000|00000|00000|00000|00000|00000|00000|00000|00000|00000|00000|00000|00000|00000|00000|00000|00000|00000|00000|00000|00000|00000
00016|00000|00000|00000|00000|00000|00000|00000|00000|00000|00000|00000|00000|0002d|00009|00000|00000|00000|00000|00000|00000|00000|00000|00000|00000|00000|00000|00000|00000|00000|00000|00000|00000|00000|00000|00000|00000|00000|00000|00000|00000|00000|00000|00000|00000|00000|00000|00000|00000|00000|00000|00000|00000|00000|00000|00000|00000|00000|00000|00000|00000|00000|00000|00000

